0 0.000001
1 0.000001
2 0.000002
3 0.000001
4 0.000002
5 0.000001
6 0.000002
7 0.000002
8 0.000001
9 0.000001
10 0.000002
11 0.000002
12 0.000002
13 0.000002
14 0.000002
15 0.000002
16 0.000002
17 0.000002
18 0.000003
19 0.000002
20 0.000002
21 0.000003
22 0.000003
23 0.000003
24 0.000003
25 0.000003
26 0.000003
27 0.000004
28 0.000004
29 0.000004
30 0.000022
31 0.000013
32 0.000005
33 0.000004
34 0.000005
35 0.000005
36 0.000021
37 0.000006
38 0.000006
39 0.000005
40 0.000007
41 0.000020
42 0.000024
43 0.000006
44 0.000008
45 0.000006
46 0.000019
47 0.000006
48 0.000006
49 0.000006
50 0.000006
51 0.000007
52 0.000006
53 0.000007
54 0.000006
55 0.000006
56 0.000006
57 0.000006
58 0.000006
59 0.000006
60 0.000006
61 0.000007
62 0.000006
63 0.000007
64 0.000007
65 0.000007
66 0.000007
67 0.000007
68 0.000026
69 0.000008
70 0.000021
71 0.000025
72 0.000008
73 0.000008
74 0.000009
75 0.000009
76 0.000009
77 0.000022
78 0.000024
79 0.000009
80 0.000010
81 0.000023
82 0.000010
83 0.000010
84 0.000023
85 0.000024
86 0.000010
87 0.000010
88 0.000010
89 0.000010
90 0.000028
91 0.000011
92 0.000011
93 0.000011
94 0.000011
95 0.000030
96 0.000012
97 0.000012
98 0.000012
99 0.000010
100 0.000011
101 0.000010
102 0.000011
103 0.000010
104 0.000011
105 0.000011
106 0.000011
107 0.000011
108 0.000011
109 0.000027
110 0.000012
111 0.000013
112 0.000012
113 0.000012
114 0.000012
115 0.000013
116 0.000035
117 0.000014
118 0.000014
119 0.000013
120 0.000014
121 0.000014
122 0.000029
123 0.000013
124 0.000013
125 0.000014
126 0.000014
127 0.000016
128 0.000015
129 0.000033
130 0.000016
131 0.000016
132 0.000015
133 0.000016
134 0.000060
135 0.000015
136 0.000015
137 0.000015
138 0.000037
139 0.000032
140 0.000017
141 0.000036
142 0.000021
143 0.000021
144 0.000021
145 0.000022
146 0.000037
147 0.000018
148 0.000053
149 0.000023
150 0.000022
151 0.000043
152 0.000019
153 0.000036
154 0.000019
155 0.000031
156 0.000018
157 0.000018
158 0.000017
159 0.000018
160 0.000018
161 0.000018
162 0.000019
163 0.000018
164 0.000018
165 0.000037
166 0.000021
167 0.000032
168 0.000024
169 0.000038
170 0.000049
171 0.000022
172 0.000023
173 0.000023
174 0.000023
175 0.000036
176 0.000054
177 0.000039
178 0.000039
179 0.000046
180 0.000028
181 0.000030
182 0.000028
183 0.000027
184 0.000028
185 0.000040
186 0.000046
187 0.000024
188 0.000024
189 0.000021
190 0.000022
191 0.000022
192 0.000022
193 0.000022
194 0.000022
195 0.000022
196 0.000022
197 0.000022
198 0.000022
199 0.000024
200 0.000023
201 0.000023
202 0.000023
203 0.000023
204 0.000023
205 0.000024
206 0.000029
207 0.000027
208 0.000025
209 0.000025
210 0.000025
211 0.000025
212 0.000025
213 0.000025
214 0.000025
215 0.000025
216 0.000025
217 0.000025
218 0.000025
219 0.000026
220 0.000025
221 0.000025
222 0.000025
223 0.000026
224 0.000026
225 0.000026
226 0.000026
227 0.000026
228 0.000027
229 0.000027
230 0.000026
231 0.000026
232 0.000026
233 0.000027
234 0.000027
235 0.000027
236 0.000027
237 0.000027
238 0.000027
239 0.000028
240 0.000028
241 0.000028
242 0.000029
243 0.000051
244 0.000028
245 0.000030
246 0.000029
247 0.000029
248 0.000029
249 0.000029
250 0.000029
251 0.000029
252 0.000029
253 0.000029
254 0.000030
255 0.000030
256 0.000030
257 0.000030
258 0.000030
259 0.000030
260 0.000030
261 0.000031
262 0.000031
263 0.000030
264 0.000031
265 0.000031
266 0.000031
267 0.000031
268 0.000031
269 0.000031
270 0.000032
271 0.000031
272 0.000031
273 0.000031
274 0.000032
275 0.000031
276 0.000048
277 0.000035
278 0.000035
279 0.000036
280 0.000036
281 0.000036
282 0.000036
283 0.000036
284 0.000036
285 0.000041
286 0.000039
287 0.000038
288 0.000038
289 0.000037
290 0.000037
291 0.000037
292 0.000038
293 0.000038
294 0.000037
295 0.000038
296 0.000038
297 0.000038
298 0.000038
299 0.000038
300 0.000038
301 0.000038
302 0.000038
303 0.000039
304 0.000039
305 0.000039
306 0.000039
307 0.000039
308 0.000039
309 0.000039
310 0.000039
311 0.000040
312 0.000040
313 0.000040
314 0.000040
315 0.000040
316 0.000041
317 0.000040
318 0.000040
319 0.000041
320 0.000041
321 0.000041
322 0.000042
323 0.000041
324 0.000047
325 0.000044
326 0.000044
327 0.000043
328 0.000043
329 0.000042
330 0.000043
331 0.000043
332 0.000043
333 0.000043
334 0.000043
335 0.000043
336 0.000043
337 0.000044
338 0.000043
339 0.000044
340 0.000044
341 0.000044
342 0.000044
343 0.000045
344 0.000044
345 0.000044
346 0.000045
347 0.000045
348 0.000045
349 0.000045
350 0.000045
351 0.000046
352 0.000046
353 0.000046
354 0.000046
355 0.000046
356 0.000046
357 0.000046
358 0.000047
359 0.000047
360 0.000047
361 0.000047
362 0.000047
363 0.000109
364 0.000087
365 0.000051
366 0.000066
367 0.000048
368 0.000048
369 0.000048
370 0.000049
371 0.000048
372 0.000049
373 0.000049
374 0.000068
375 0.000065
376 0.000091
377 0.000093
378 0.000070
379 0.000067
380 0.000061
381 0.000060
382 0.000063
383 0.000069
384 0.000097
385 0.000097
386 0.000052
387 0.000052
388 0.000050
389 0.000086
390 0.000058
391 0.000093
392 0.000060
393 0.000061
394 0.000076
395 0.000070
396 0.000069
397 0.000053
398 0.000082
399 0.000051
400 0.000071
401 0.000067
402 0.000087
403 0.000053
404 0.000051
405 0.000050
406 0.000049
407 0.000084
408 0.000072
409 0.000131
410 0.000059
411 0.000096
412 0.000132
413 0.000102
414 0.000136
415 0.000128
416 0.000103
417 0.000102
418 0.000070
419 0.000099
420 0.000076
421 0.000113
422 0.000072
423 0.000088
424 0.000067
425 0.000066
426 0.000090
427 0.000084
428 0.000083
429 0.000071
430 0.000076
431 0.000148
432 0.000113
433 0.000067
434 0.000051
435 0.000051
436 0.000051
437 0.000052
438 0.000052
439 0.000052
440 0.000052
441 0.000052
442 0.000058
443 0.000056
444 0.000055
445 0.000054
446 0.000054
447 0.000054
448 0.000054
449 0.000054
450 0.000054
451 0.000054
452 0.000054
453 0.000054
454 0.000054
455 0.000054
456 0.000067
457 0.000060
458 0.000060
459 0.000060
460 0.000060
461 0.000060
462 0.000060
463 0.000061
464 0.000061
465 0.000061
466 0.000060
467 0.000061
468 0.000116
469 0.000062
470 0.000061
471 0.000062
472 0.000062
473 0.000062
474 0.000062
475 0.000062
476 0.000062
477 0.000062
478 0.000062
479 0.000062
480 0.000063
481 0.000063
482 0.000069
483 0.000066
484 0.000065
485 0.000065
486 0.000065
487 0.000064
488 0.000064
489 0.000064
490 0.000064
491 0.000064
492 0.000065
493 0.000064
494 0.000064
495 0.000102
496 0.000084
497 0.000080
498 0.000065
499 0.000065
500 0.000078
501 0.000087
502 0.000095
503 0.000066
504 0.000132
505 0.000128
506 0.000116
507 0.000070
508 0.000069
509 0.000084
510 0.000134
511 0.000067
512 0.000109
513 0.000093
514 0.000067
515 0.000067
516 0.000067
517 0.000094
518 0.000067
519 0.000158
520 0.000067
521 0.000075
522 0.000071
523 0.000069
524 0.000069
525 0.000069
526 0.000069
527 0.000069
528 0.000069
529 0.000069
530 0.000069
531 0.000070
532 0.000070
533 0.000078
534 0.000064
535 0.000063
536 0.000064
537 0.000063
538 0.000064
539 0.000064
540 0.000064
541 0.000064
542 0.000065
543 0.000083
544 0.000064
545 0.000065
546 0.000065
547 0.000065
548 0.000066
549 0.000065
550 0.000066
551 0.000065
552 0.000065
553 0.000066
554 0.000081
555 0.000090
556 0.000067
557 0.000066
558 0.000066
559 0.000067
560 0.000074
561 0.000070
562 0.000068
563 0.000067
564 0.000068
565 0.000067
566 0.000067
567 0.000068
568 0.000067
569 0.000068
570 0.000068
571 0.000068
572 0.000068
573 0.000069
574 0.000068
575 0.000069
576 0.000069
577 0.000069
578 0.000068
579 0.000069
580 0.000069
581 0.000069
582 0.000069
583 0.000069
584 0.000069
585 0.000070
586 0.000069
587 0.000069
588 0.000069
589 0.000070
590 0.000071
591 0.000070
592 0.000070
593 0.000070
594 0.000070
595 0.000071
596 0.000070
597 0.000071
598 0.000071
599 0.000071
600 0.000078
601 0.000076
602 0.000074
603 0.000073
604 0.000073
605 0.000072
606 0.000072
607 0.000073
608 0.000073
609 0.000073
610 0.000073
611 0.000073
612 0.000074
613 0.000073
614 0.000074
615 0.000073
616 0.000074
617 0.000073
618 0.000074
619 0.000074
620 0.000074
621 0.000074
622 0.000075
623 0.000107
624 0.000154
625 0.000104
626 0.000109
627 0.000075
628 0.000074
629 0.000075
630 0.000100
631 0.000096
632 0.000162
633 0.000111
634 0.000075
635 0.000098
636 0.000098
637 0.000118
638 0.000076
639 0.000083
640 0.000079
641 0.000078
642 0.000078
643 0.000077
644 0.000077
645 0.000077
646 0.000077
647 0.000077
648 0.000078
649 0.000077
650 0.000078
651 0.000078
652 0.000078
653 0.000078
654 0.000078
655 0.000079
656 0.000078
657 0.000078
658 0.000078
659 0.000078
660 0.000078
661 0.000078
662 0.000079
663 0.000079
664 0.000079
665 0.000080
666 0.000079
667 0.000079
668 0.000079
669 0.000080
670 0.000079
671 0.000079
672 0.000079
673 0.000080
674 0.000080
675 0.000080
676 0.000080
677 0.000082
678 0.000081
679 0.000103
680 0.000084
681 0.000123
682 0.000082
683 0.000082
684 0.000162
685 0.000102
686 0.000082
687 0.000083
688 0.000082
689 0.000082
690 0.000082
691 0.000082
692 0.000083
693 0.000083
694 0.000082
695 0.000083
696 0.000083
697 0.000082
698 0.000084
699 0.000083
700 0.000084
701 0.000084
702 0.000084
703 0.000084
704 0.000085
705 0.000084
706 0.000084
707 0.000084
708 0.000085
709 0.000084
710 0.000085
711 0.000085
712 0.000086
713 0.000085
714 0.000085
715 0.000085
716 0.000086
717 0.000086
718 0.000092
719 0.000088
720 0.000088
721 0.000086
722 0.000087
723 0.000086
724 0.000087
725 0.000086
726 0.000087
727 0.000087
728 0.000087
729 0.000121
730 0.000148
731 0.000162
732 0.000150
733 0.000147
734 0.000121
735 0.000089
736 0.000167
737 0.000106
738 0.000089
739 0.000109
740 0.000175
741 0.000088
742 0.000089
743 0.000088
744 0.000088
745 0.000089
746 0.000089
747 0.000089
748 0.000089
749 0.000105
750 0.000090
751 0.000107
752 0.000090
753 0.000090
754 0.000090
755 0.000090
756 0.000090
757 0.000097
758 0.000093
759 0.000092
760 0.000091
761 0.000091
762 0.000091
763 0.000091
764 0.000091
765 0.000092
766 0.000092
767 0.000092
768 0.000091
769 0.000093
770 0.000092
771 0.000092
772 0.000093
773 0.000093
774 0.000093
775 0.000093
776 0.000093
777 0.000093
778 0.000093
779 0.000093
780 0.000093
781 0.000093
782 0.000094
783 0.000093
784 0.000094
785 0.000095
786 0.000094
787 0.000102
788 0.000094
789 0.000094
790 0.000094
791 0.000095
792 0.000095
793 0.000095
794 0.000094
795 0.000094
796 0.000095
797 0.000102
798 0.000098
799 0.000097
800 0.000096
801 0.000096
802 0.000096
803 0.000096
804 0.000096
805 0.000108
806 0.000096
807 0.000096
808 0.000097
809 0.000097
810 0.000097
811 0.000097
812 0.000097
813 0.000097
814 0.000098
815 0.000098
816 0.000098
817 0.000097
818 0.000097
819 0.000098
820 0.000098
821 0.000098
822 0.000114
823 0.000141
824 0.000099
825 0.000098
826 0.000099
827 0.000098
828 0.000133
829 0.000099
830 0.000099
831 0.000100
832 0.000099
833 0.000100
834 0.000114
835 0.000100
836 0.000103
837 0.000100
838 0.000101
839 0.000101
840 0.000102
841 0.000101
842 0.000100
843 0.000101
844 0.000102
845 0.000102
846 0.000101
847 0.000101
848 0.000101
849 0.000102
850 0.000102
851 0.000101
852 0.000102
853 0.000101
854 0.000101
855 0.000103
856 0.000103
857 0.000102
858 0.000103
859 0.000103
860 0.000103
861 0.000103
862 0.000103
863 0.000104
864 0.000104
865 0.000110
866 0.000103
867 0.000103
868 0.000103
869 0.000104
870 0.000104
871 0.000104
872 0.000104
873 0.000105
874 0.000105
875 0.000109
876 0.000106
877 0.000105
878 0.000106
879 0.000105
880 0.000105
881 0.000105
882 0.000105
883 0.000105
884 0.000106
885 0.000105
886 0.000105
887 0.000114
888 0.000106
889 0.000106
890 0.000107
891 0.000106
892 0.000106
893 0.000106
894 0.000107
895 0.000107
896 0.000107
897 0.000107
898 0.000107
899 0.000108
900 0.000108
901 0.000107
902 0.000107
903 0.000108
904 0.000108
905 0.000107
906 0.000108
907 0.000108
908 0.000108
909 0.000108
910 0.000109
911 0.000108
912 0.000108
913 0.000109
914 0.000109
915 0.000111
916 0.000109
917 0.000277
918 0.000140
919 0.000125
920 0.000110
921 0.000110
922 0.000111
923 0.000110
924 0.000110
925 0.000110
926 0.000110
927 0.000111
928 0.000111
929 0.000110
930 0.000111
931 0.000110
932 0.000111
933 0.000112
934 0.000111
935 0.000111
936 0.000111
937 0.000112
938 0.000112
939 0.000112
940 0.000112
941 0.000112
942 0.000112
943 0.000113
944 0.000112
945 0.000113
946 0.000112
947 0.000113
948 0.000121
949 0.000114
950 0.000112
951 0.000112
952 0.000113
953 0.000113
954 0.000116
955 0.000115
956 0.000115
957 0.000114
958 0.000114
959 0.000113
960 0.000114
961 0.000114
962 0.000114
963 0.000114
964 0.000115
965 0.000115
966 0.000116
967 0.000115
968 0.000115
969 0.000115
970 0.000115
971 0.000121
972 0.000116
973 0.000115
974 0.000115
975 0.000116
976 0.000116
977 0.000123
978 0.000117
979 0.000116
980 0.000118
981 0.000116
982 0.000116
983 0.000117
984 0.000117
985 0.000117
986 0.000117
987 0.000117
988 0.000117
989 0.000117
990 0.000118
991 0.000117
992 0.000118
993 0.000117
994 0.000120
995 0.000119
996 0.000119
997 0.000118
998 0.000119
999 0.000118
1000 0.000182
