0 0.000006
1 0.000001
2 0.000001
3 0.000002
4 0.000001
5 0.000001
6 0.000001
7 0.000002
8 0.000002
9 0.000002
10 0.000002
11 0.000002
12 0.000001
13 0.000002
14 0.000001
15 0.000002
16 0.000001
17 0.000001
18 0.000001
19 0.000001
20 0.000001
21 0.000002
22 0.000001
23 0.000001
24 0.000002
25 0.000002
26 0.000002
27 0.000002
28 0.000002
29 0.000002
30 0.000002
31 0.000002
32 0.000003
33 0.000002
34 0.000003
35 0.000003
36 0.000003
37 0.000002
38 0.000003
39 0.000003
40 0.000004
41 0.000003
42 0.000003
43 0.000003
44 0.000006
45 0.000004
46 0.000003
47 0.000003
48 0.000021
49 0.000003
50 0.000003
51 0.000004
52 0.000003
53 0.000003
54 0.000003
55 0.000003
56 0.000003
57 0.000003
58 0.000003
59 0.000003
60 0.000003
61 0.000004
62 0.000003
63 0.000003
64 0.000003
65 0.000003
66 0.000003
67 0.000003
68 0.000004
69 0.000004
70 0.000013
71 0.000004
72 0.000004
73 0.000004
74 0.000004
75 0.000004
76 0.000004
77 0.000004
78 0.000004
79 0.000022
80 0.000018
81 0.000005
82 0.000004
83 0.000005
84 0.000005
85 0.000004
86 0.000005
87 0.000007
88 0.000004
89 0.000004
90 0.000004
91 0.000005
92 0.000005
93 0.000005
94 0.000005
95 0.000018
96 0.000005
97 0.000005
98 0.000021
99 0.000020
100 0.000004
101 0.000005
102 0.000004
103 0.000005
104 0.000004
105 0.000004
106 0.000005
107 0.000005
108 0.000005
109 0.000005
110 0.000005
111 0.000005
112 0.000005
113 0.000005
114 0.000005
115 0.000005
116 0.000006
117 0.000005
118 0.000006
119 0.000030
120 0.000005
121 0.000006
122 0.000006
123 0.000007
124 0.000005
125 0.000005
126 0.000006
127 0.000010
128 0.000020
129 0.000006
130 0.000007
131 0.000007
132 0.000007
133 0.000006
134 0.000019
135 0.000006
136 0.000006
137 0.000006
138 0.000006
139 0.000038
140 0.000007
141 0.000007
142 0.000023
143 0.000008
144 0.000009
145 0.000009
146 0.000009
147 0.000008
148 0.000007
149 0.000009
150 0.000009
151 0.000025
152 0.000007
153 0.000022
154 0.000007
155 0.000008
156 0.000007
157 0.000007
158 0.000008
159 0.000007
160 0.000007
161 0.000007
162 0.000007
163 0.000008
164 0.000007
165 0.000007
166 0.000008
167 0.000034
168 0.000013
169 0.000011
170 0.000010
171 0.000009
172 0.000010
173 0.000022
174 0.000009
175 0.000023
176 0.000009
177 0.000009
178 0.000024
179 0.000026
180 0.000010
181 0.000013
182 0.000012
183 0.000011
184 0.000011
185 0.000013
186 0.000010
187 0.000009
188 0.000009
189 0.000030
190 0.000008
191 0.000009
192 0.000008
193 0.000008
194 0.000009
195 0.000009
196 0.000008
197 0.000008
198 0.000009
199 0.000009
200 0.000009
201 0.000009
202 0.000009
203 0.000009
204 0.000009
205 0.000009
206 0.000015
207 0.000012
208 0.000011
209 0.000011
210 0.000011
211 0.000010
212 0.000010
213 0.000010
214 0.000010
215 0.000009
216 0.000010
217 0.000010
218 0.000010
219 0.000010
220 0.000009
221 0.000010
222 0.000010
223 0.000010
224 0.000010
225 0.000010
226 0.000011
227 0.000010
228 0.000010
229 0.000011
230 0.000010
231 0.000010
232 0.000010
233 0.000011
234 0.000011
235 0.000010
236 0.000010
237 0.000010
238 0.000011
239 0.000011
240 0.000011
241 0.000011
242 0.000011
243 0.000011
244 0.000012
245 0.000013
246 0.000012
247 0.000012
248 0.000012
249 0.000011
250 0.000012
251 0.000011
252 0.000011
253 0.000012
254 0.000011
255 0.000012
256 0.000012
257 0.000012
258 0.000011
259 0.000012
260 0.000011
261 0.000012
262 0.000012
263 0.000012
264 0.000012
265 0.000012
266 0.000012
267 0.000012
268 0.000013
269 0.000012
270 0.000012
271 0.000013
272 0.000012
273 0.000012
274 0.000012
275 0.000012
276 0.000013
277 0.000013
278 0.000013
279 0.000014
280 0.000013
281 0.000013
282 0.000014
283 0.000014
284 0.000014
285 0.000019
286 0.000018
287 0.000016
288 0.000016
289 0.000015
290 0.000014
291 0.000014
292 0.000014
293 0.000014
294 0.000013
295 0.000014
296 0.000013
297 0.000014
298 0.000013
299 0.000013
300 0.000013
301 0.000014
302 0.000014
303 0.000014
304 0.000014
305 0.000014
306 0.000014
307 0.000014
308 0.000014
309 0.000015
310 0.000014
311 0.000015
312 0.000014
313 0.000015
314 0.000014
315 0.000014
316 0.000015
317 0.000015
318 0.000015
319 0.000015
320 0.000015
321 0.000015
322 0.000015
323 0.000014
324 0.000022
325 0.000019
326 0.000018
327 0.000018
328 0.000018
329 0.000017
330 0.000017
331 0.000016
332 0.000016
333 0.000016
334 0.000016
335 0.000015
336 0.000016
337 0.000016
338 0.000016
339 0.000016
340 0.000016
341 0.000016
342 0.000016
343 0.000017
344 0.000016
345 0.000016
346 0.000017
347 0.000016
348 0.000016
349 0.000016
350 0.000017
351 0.000017
352 0.000017
353 0.000017
354 0.000017
355 0.000016
356 0.000017
357 0.000017
358 0.000017
359 0.000017
360 0.000018
361 0.000017
362 0.000018
363 0.000043
364 0.000022
365 0.000040
366 0.000020
367 0.000019
368 0.000020
369 0.000019
370 0.000019
371 0.000018
372 0.000019
373 0.000019
374 0.000018
375 0.000018
376 0.000024
377 0.000022
378 0.000023
379 0.000018
380 0.000043
381 0.000044
382 0.000024
383 0.000023
384 0.000023
385 0.000023
386 0.000019
387 0.000019
388 0.000035
389 0.000055
390 0.000038
391 0.000036
392 0.000039
393 0.000025
394 0.000067
395 0.000019
396 0.000019
397 0.000038
398 0.000024
399 0.000020
400 0.000055
401 0.000020
402 0.000038
403 0.000024
404 0.000022
405 0.000021
406 0.000020
407 0.000021
408 0.000022
409 0.000036
410 0.000043
411 0.000024
412 0.000076
413 0.000041
414 0.000059
415 0.000040
416 0.000035
417 0.000058
418 0.000027
419 0.000028
420 0.000026
421 0.000035
422 0.000035
423 0.000022
424 0.000057
425 0.000058
426 0.000042
427 0.000022
428 0.000026
429 0.000022
430 0.000020
431 0.000023
432 0.000023
433 0.000021
434 0.000020
435 0.000019
436 0.000020
437 0.000019
438 0.000019
439 0.000020
440 0.000019
441 0.000020
442 0.000026
443 0.000023
444 0.000023
445 0.000023
446 0.000022
447 0.000021
448 0.000022
449 0.000021
450 0.000021
451 0.000021
452 0.000021
453 0.000021
454 0.000020
455 0.000021
456 0.000021
457 0.000023
458 0.000022
459 0.000023
460 0.000023
461 0.000023
462 0.000023
463 0.000023
464 0.000023
465 0.000023
466 0.000023
467 0.000024
468 0.000023
469 0.000038
470 0.000023
471 0.000024
472 0.000023
473 0.000024
474 0.000024
475 0.000024
476 0.000024
477 0.000024
478 0.000024
479 0.000024
480 0.000023
481 0.000024
482 0.000031
483 0.000028
484 0.000027
485 0.000026
486 0.000026
487 0.000025
488 0.000027
489 0.000026
490 0.000026
491 0.000025
492 0.000026
493 0.000025
494 0.000026
495 0.000050
496 0.000071
497 0.000027
498 0.000025
499 0.000026
500 0.000025
501 0.000026
502 0.000045
503 0.000028
504 0.000026
505 0.000030
506 0.000032
507 0.000028
508 0.000027
509 0.000027
510 0.000050
511 0.000026
512 0.000027
513 0.000032
514 0.000026
515 0.000026
516 0.000026
517 0.000051
518 0.000026
519 0.000026
520 0.000026
521 0.000034
522 0.000030
523 0.000030
524 0.000029
525 0.000029
526 0.000028
527 0.000028
528 0.000027
529 0.000028
530 0.000028
531 0.000027
532 0.000027
533 0.000027
534 0.000025
535 0.000025
536 0.000026
537 0.000025
538 0.000025
539 0.000025
540 0.000026
541 0.000026
542 0.000026
543 0.000026
544 0.000025
545 0.000025
546 0.000026
547 0.000026
548 0.000026
549 0.000025
550 0.000026
551 0.000026
552 0.000026
553 0.000026
554 0.000026
555 0.000027
556 0.000027
557 0.000026
558 0.000027
559 0.000026
560 0.000032
561 0.000030
562 0.000029
563 0.000028
564 0.000029
565 0.000027
566 0.000028
567 0.000028
568 0.000027
569 0.000027
570 0.000027
571 0.000027
572 0.000027
573 0.000027
574 0.000027
575 0.000027
576 0.000028
577 0.000027
578 0.000027
579 0.000028
580 0.000027
581 0.000028
582 0.000027
583 0.000027
584 0.000028
585 0.000028
586 0.000027
587 0.000028
588 0.000028
589 0.000028
590 0.000028
591 0.000028
592 0.000028
593 0.000028
594 0.000028
595 0.000028
596 0.000028
597 0.000028
598 0.000028
599 0.000029
600 0.000034
601 0.000031
602 0.000030
603 0.000030
604 0.000030
605 0.000030
606 0.000030
607 0.000030
608 0.000029
609 0.000029
610 0.000030
611 0.000030
612 0.000037
613 0.000029
614 0.000030
615 0.000030
616 0.000030
617 0.000029
618 0.000030
619 0.000029
620 0.000029
621 0.000030
622 0.000030
623 0.000065
624 0.000040
625 0.000048
626 0.000034
627 0.000030
628 0.000030
629 0.000030
630 0.000030
631 0.000033
632 0.000030
633 0.000056
634 0.000031
635 0.000030
636 0.000070
637 0.000076
638 0.000030
639 0.000037
640 0.000034
641 0.000033
642 0.000033
643 0.000032
644 0.000032
645 0.000032
646 0.000032
647 0.000032
648 0.000032
649 0.000031
650 0.000032
651 0.000032
652 0.000032
653 0.000031
654 0.000032
655 0.000033
656 0.000032
657 0.000032
658 0.000032
659 0.000032
660 0.000032
661 0.000032
662 0.000032
663 0.000032
664 0.000032
665 0.000032
666 0.000033
667 0.000032
668 0.000032
669 0.000033
670 0.000032
671 0.000033
672 0.000033
673 0.000033
674 0.000032
675 0.000033
676 0.000033
677 0.000034
678 0.000034
679 0.000060
680 0.000036
681 0.000075
682 0.000052
683 0.000035
684 0.000055
685 0.000037
686 0.000034
687 0.000035
688 0.000034
689 0.000034
690 0.000034
691 0.000034
692 0.000034
693 0.000034
694 0.000034
695 0.000034
696 0.000035
697 0.000035
698 0.000053
699 0.000035
700 0.000035
701 0.000035
702 0.000034
703 0.000034
704 0.000034
705 0.000035
706 0.000034
707 0.000035
708 0.000034
709 0.000034
710 0.000035
711 0.000035
712 0.000036
713 0.000035
714 0.000035
715 0.000036
716 0.000036
717 0.000036
718 0.000040
719 0.000037
720 0.000036
721 0.000037
722 0.000037
723 0.000036
724 0.000037
725 0.000036
726 0.000064
727 0.000037
728 0.000037
729 0.000037
730 0.000076
731 0.000075
732 0.000077
733 0.000054
734 0.000091
735 0.000037
736 0.000037
737 0.000057
738 0.000037
739 0.000037
740 0.000082
741 0.000052
742 0.000036
743 0.000037
744 0.000037
745 0.000038
746 0.000037
747 0.000038
748 0.000038
749 0.000075
750 0.000037
751 0.000038
752 0.000039
753 0.000038
754 0.000038
755 0.000039
756 0.000038
757 0.000043
758 0.000039
759 0.000039
760 0.000038
761 0.000039
762 0.000038
763 0.000038
764 0.000038
765 0.000038
766 0.000038
767 0.000038
768 0.000039
769 0.000038
770 0.000039
771 0.000039
772 0.000039
773 0.000038
774 0.000039
775 0.000038
776 0.000038
777 0.000039
778 0.000039
779 0.000039
780 0.000039
781 0.000039
782 0.000039
783 0.000039
784 0.000040
785 0.000039
786 0.000039
787 0.000039
788 0.000039
789 0.000039
790 0.000040
791 0.000039
792 0.000039
793 0.000039
794 0.000040
795 0.000040
796 0.000040
797 0.000044
798 0.000041
799 0.000041
800 0.000040
801 0.000041
802 0.000040
803 0.000041
804 0.000040
805 0.000040
806 0.000041
807 0.000040
808 0.000040
809 0.000041
810 0.000041
811 0.000040
812 0.000040
813 0.000040
814 0.000040
815 0.000040
816 0.000041
817 0.000041
818 0.000041
819 0.000040
820 0.000041
821 0.000041
822 0.000041
823 0.000082
824 0.000041
825 0.000041
826 0.000042
827 0.000042
828 0.000041
829 0.000041
830 0.000042
831 0.000041
832 0.000041
833 0.000041
834 0.000095
835 0.000042
836 0.000044
837 0.000042
838 0.000043
839 0.000042
840 0.000042
841 0.000042
842 0.000042
843 0.000043
844 0.000042
845 0.000043
846 0.000042
847 0.000042
848 0.000043
849 0.000043
850 0.000042
851 0.000043
852 0.000043
853 0.000043
854 0.000043
855 0.000050
856 0.000043
857 0.000043
858 0.000043
859 0.000043
860 0.000043
861 0.000044
862 0.000043
863 0.000043
864 0.000043
865 0.000042
866 0.000043
867 0.000043
868 0.000044
869 0.000044
870 0.000043
871 0.000044
872 0.000043
873 0.000045
874 0.000043
875 0.000062
876 0.000044
877 0.000044
878 0.000044
879 0.000045
880 0.000045
881 0.000044
882 0.000044
883 0.000044
884 0.000044
885 0.000044
886 0.000045
887 0.000045
888 0.000045
889 0.000045
890 0.000045
891 0.000045
892 0.000045
893 0.000045
894 0.000044
895 0.000044
896 0.000045
897 0.000044
898 0.000045
899 0.000044
900 0.000045
901 0.000045
902 0.000045
903 0.000046
904 0.000045
905 0.000045
906 0.000045
907 0.000045
908 0.000046
909 0.000045
910 0.000045
911 0.000046
912 0.000045
913 0.000046
914 0.000047
915 0.000048
916 0.000046
917 0.000045
918 0.000130
919 0.000070
920 0.000046
921 0.000046
922 0.000048
923 0.000046
924 0.000046
925 0.000047
926 0.000046
927 0.000047
928 0.000047
929 0.000046
930 0.000046
931 0.000047
932 0.000047
933 0.000047
934 0.000046
935 0.000047
936 0.000047
937 0.000047
938 0.000046
939 0.000047
940 0.000047
941 0.000048
942 0.000047
943 0.000048
944 0.000047
945 0.000048
946 0.000047
947 0.000048
948 0.000047
949 0.000049
950 0.000047
951 0.000048
952 0.000048
953 0.000047
954 0.000052
955 0.000048
956 0.000048
957 0.000048
958 0.000048
959 0.000048
960 0.000048
961 0.000048
962 0.000049
963 0.000048
964 0.000048
965 0.000048
966 0.000049
967 0.000048
968 0.000048
969 0.000049
970 0.000049
971 0.000048
972 0.000049
973 0.000049
974 0.000049
975 0.000049
976 0.000049
977 0.000049
978 0.000050
979 0.000049
980 0.000049
981 0.000049
982 0.000049
983 0.000049
984 0.000049
985 0.000049
986 0.000049
987 0.000049
988 0.000049
989 0.000050
990 0.000049
991 0.000049
992 0.000050
993 0.000050
994 0.000051
995 0.000050
996 0.000050
997 0.000050
998 0.000050
999 0.000049
1000 0.000050
